30	50
0.537667	0.888396	-1.089064	-1.147953	2.908008	0.520060	-1.361694	-0.532011	-1.066701	0.327060	0.079934	-0.629091	-0.467715	-0.558294	-0.493010	-0.062791	0.176947	-1.140681	0.899822	1.028853	0.475861	0.064517	2.024333	0.078020	0.414700	1.460013	1.053305	0.853541	1.384499	-0.409785	0.436375	-0.760252	-0.301207	-0.422920	0.096393	1.166475	0.527470	-1.636447	-0.308625	0.208716	1.341884	-0.789656	1.771020	-0.075449	-0.219189	-0.574134	0.178870	0.859783	0.774162	-1.200441
1.833885	-1.147070	0.032557	0.104875	0.825219	-0.020028	0.455030	1.682104	0.933728	1.082634	-0.948481	-1.203850	-0.124890	-0.311429	-0.180739	-2.021959	-0.307503	-1.093343	-0.300111	1.457968	1.412233	0.600292	-2.359524	1.324385	0.348441	2.050043	-0.748877	-1.853008	-0.062727	-0.503539	-0.504362	-0.693595	-0.698654	-1.053102	-0.830468	1.212821	0.854202	0.017344	0.456660	-0.618593	-0.988435	1.422961	0.221273	-0.473237	-0.879767	-0.195212	0.927584	0.066869	0.265655	-0.019362
-2.258847	-1.068870	0.552527	0.722254	1.378972	-0.034771	-0.848709	-0.875729	0.350321	1.006077	0.411491	-0.253945	1.478958	-0.570010	0.045841	-0.982132	-0.131820	-0.433609	1.029366	0.047471	0.022608	-1.361515	-0.509972	-0.213170	0.349254	0.120501	-0.936326	-0.207303	0.448921	1.233297	0.102108	1.281458	0.832771	0.647755	-0.352252	0.485541	1.341847	0.828387	-0.275101	0.512016	1.817943	0.006332	2.730378	2.184241	-0.320804	-0.050531	-0.110178	-1.639387	-0.235106	0.340371
0.862173	-0.809499	1.100610	2.585491	-1.058180	-0.798164	-0.334887	-0.483815	-0.029006	-0.650908	0.676978	-1.428647	-0.860816	-1.025734	-0.063783	0.612511	0.595358	-0.168470	-0.345066	1.746257	-0.047869	0.347593	-1.321626	-0.134479	-0.729247	-0.989902	-1.269087	0.270378	-0.363258	0.610305	1.196251	-0.809738	-0.694605	-0.317628	-0.174775	1.026016	-2.499533	0.217738	0.443144	0.011354	-0.374437	0.686481	-0.296165	0.809881	-0.784415	-1.755775	1.572398	-2.424750	1.877292	-0.963231
0.318765	-2.944284	1.544212	-0.666891	-0.468616	1.018685	0.552783	-0.712005	0.182452	0.257056	0.857733	-0.020858	0.784668	-0.908746	0.611335	-0.054886	1.046833	-0.218534	1.012802	0.155388	1.701335	-0.181843	-0.636128	-1.171356	0.326840	1.197771	0.497981	-0.652771	-1.020583	0.059072	0.120283	-1.236818	-0.461883	1.768992	-0.480653	0.870726	-0.167559	-1.909245	-0.134765	-0.043989	-1.451741	-0.854934	0.564296	0.716343	-0.364963	-0.257358	0.560491	-0.283830	0.609239	1.113923
-1.307688	1.438380	0.085931	0.187331	-0.272469	-0.133217	1.039091	-1.174212	-1.565056	-0.944378	-0.691159	-0.560665	0.308623	-0.209897	0.109318	-1.118732	-0.197959	0.541334	0.629335	-1.237120	-0.509712	-0.939535	0.317851	-1.385263	-0.514882	-0.592656	2.789081	0.477227	-3.072989	-1.466947	-1.036843	0.214686	0.883617	1.510582	0.836837	-0.381758	0.353015	-0.536822	-0.018328	2.949093	-0.618682	-1.075235	1.582621	-1.005571	0.117271	0.749542	-0.420345	1.145806	-0.110274	-1.586105
-0.433592	0.325191	-1.491590	-0.082494	1.098425	-0.714530	-1.117639	-0.192240	-0.084539	-1.321789	0.449378	2.177779	-0.233860	-1.698864	1.814015	-0.626379	0.327678	0.389266	-0.213015	-2.193494	-0.002855	-0.037533	0.138048	0.310508	-0.896446	-0.469809	0.727572	-0.071320	0.626279	-1.625803	-0.857103	2.010772	0.435944	0.164010	2.538349	0.428893	0.717254	-0.302032	0.460789	-0.630046	0.934501	-0.090967	2.729230	0.433987	0.174340	-0.570764	-0.153945	0.181169	0.277457	-0.391795
0.342624	-0.754928	-0.742302	-1.933023	-0.277872	1.351386	1.260659	-0.274070	1.603946	0.924826	0.100633	1.138465	-1.056973	0.607601	0.312024	0.249518	-0.238302	0.751229	-0.865697	-0.333407	0.919867	-1.896304	-0.710735	-0.249489	-1.203268	0.886377	-0.773064	-0.938301	-0.286685	-1.964752	-0.169874	0.025554	0.896747	-0.282764	-1.323334	-0.299131	-1.304852	1.813582	1.362315	-0.046879	1.055929	-0.252772	0.303564	0.520144	-0.215656	0.494233	-0.275199	0.054250	0.087046	-1.484686
3.578397	1.370299	-1.061582	-0.438966	0.701541	-0.224771	0.660143	1.530073	0.098348	0.000050	0.826070	-2.496887	-0.284141	-0.117798	1.804494	-0.993019	0.229597	1.778256	-1.043108	0.713543	0.149809	-2.127977	0.777004	0.503744	1.037816	-1.385220	0.836634	0.161364	-0.197343	2.605196	-0.191668	0.308299	0.504732	1.152166	0.128340	-0.899869	-1.005869	0.914852	0.451875	2.683026	0.160227	1.194824	-0.790258	-1.092245	-0.152611	0.991440	0.241120	0.687754	0.173593	-0.344627
2.769437	-1.711516	2.350457	-1.794679	-2.051816	-0.589029	-0.067866	-0.249025	0.041374	-0.054919	0.536157	0.441327	-0.086690	0.699160	-0.723121	0.974950	0.439998	1.223063	-0.270069	0.317408	1.404933	-1.176923	0.622394	-0.892661	-0.845944	-1.956754	-1.128330	-0.268183	0.405605	0.972375	-0.865815	-0.938247	-0.400897	-1.146508	-1.442379	0.634745	0.790683	-0.057081	1.648384	-1.146691	0.287400	0.606064	0.803380	-0.225794	0.033688	1.077140	0.754686	-1.393407	0.453591	-1.323916
-1.349887	-0.102242	-0.615602	0.840376	-0.353850	-0.293754	-0.195221	-1.064213	-0.734169	0.911127	0.897888	-1.398138	-1.469395	0.269649	0.526547	-0.640710	-0.616866	-1.283256	-0.438141	0.413610	1.034122	-0.990532	0.647381	1.908512	-0.172914	0.420684	-1.424470	-0.409873	-1.419348	0.256981	0.180664	1.674216	-0.513848	0.673699	1.302508	0.067454	-0.116571	1.309362	-2.028362	0.552999	0.632906	0.540514	-1.319903	-0.404922	0.458282	0.776842	-0.291910	1.425366	-0.603518	-0.574835
3.034923	-0.241447	0.748077	-0.888032	-0.823587	-0.847926	-0.217606	1.603457	-0.030814	0.594584	-0.131938	-0.255055	0.192182	0.494287	-0.260251	1.808863	0.274837	-2.328955	-0.408674	-0.577086	0.291570	-1.173032	-0.425632	0.122231	-1.208652	0.400738	0.717442	-0.711323	-0.729445	-0.974240	1.266528	0.124988	0.796368	-0.669113	1.409912	-0.187121	0.553090	-1.044736	-0.449257	-1.076458	-1.459042	-1.444939	-0.273846	0.527859	1.281631	-2.259840	0.458445	-0.893851	-0.797024	-0.740707
0.725404	0.319207	-0.192419	0.100093	-1.577057	-1.120128	-0.303108	1.234679	0.232347	0.350201	-0.147201	0.164404	-0.822293	-1.483121	0.600143	-1.079866	0.601102	0.901931	0.983545	0.144002	-0.777699	-1.725428	1.048581	1.047033	-0.297127	0.095142	-0.777906	0.061445	1.147328	-1.146364	-0.251169	0.530101	-0.671190	-0.400323	-1.662543	0.291727	-0.960645	-0.348267	0.235993	1.030640	-0.581710	-0.967694	0.271867	-1.006963	0.620090	-0.564377	1.755289	0.037765	0.360649	-1.185002
-0.063055	0.312859	0.888610	-0.544529	0.507975	2.526000	0.023046	-0.229626	0.426388	1.250251	1.007773	0.747734	-0.094241	-1.020264	0.593931	0.199189	0.092308	-1.835639	-0.297697	-1.638666	0.566696	0.288228	0.660707	-0.226920	-3.232038	0.496684	0.315986	-1.846129	0.597865	0.547640	-0.204570	-0.952068	1.186659	-0.671802	1.943684	0.987695	-1.633802	1.412561	-0.835173	0.327530	-1.830149	0.202051	1.489554	1.089027	-0.286674	0.901491	0.931491	-0.363569	1.885092	-2.064860
0.714743	-0.864880	-0.764849	0.303521	0.281984	1.655498	0.051290	-1.506160	-0.372809	0.929789	-2.123655	-0.273047	0.336213	-0.446995	-2.186022	-1.521027	1.729841	0.066757	1.143679	-0.760090	-1.382621	-1.594184	2.508772	-0.162502	-1.086959	1.082241	1.406535	-0.398333	-1.281281	1.565084	-2.201522	0.854043	0.790702	0.575629	-1.084698	0.392935	0.761200	1.502383	-1.275955	0.652125	-0.449103	-0.347878	1.437142	1.784875	0.598016	0.394676	0.825264	0.149556	-0.306822	0.565060
-0.204966	-0.030051	-1.402269	-0.600327	0.033480	0.307535	0.826063	-0.444628	-0.236455	0.239763	-0.504586	1.576300	-0.904654	0.109659	-1.327043	-0.723631	-0.608557	0.035479	-0.531620	-0.818793	0.244475	0.110219	1.063460	0.690052	-1.426436	0.970448	0.401125	-0.543548	-2.203264	-1.693344	-0.774513	0.389146	0.287721	-0.778094	0.226819	0.194551	1.193307	0.730376	0.617035	-0.278861	0.949275	1.290088	-0.027561	-0.303755	-0.245533	0.004854	-0.814807	-1.944518	-1.012724	2.000142
-0.124144	-0.164879	-1.422376	0.489965	-1.333678	-1.257118	1.526977	-0.155941	2.023691	-0.690361	-1.270594	-0.480937	-0.288256	1.128736	-1.441014	-0.593250	-0.737060	2.227168	0.972566	0.519729	0.808439	0.787067	1.156922	0.555757	-1.014451	-0.568570	0.929660	-0.911899	-0.571246	-0.449397	-1.393273	-1.156001	0.003226	-1.063561	1.098929	0.279785	1.632057	0.490752	0.612702	0.245192	0.717441	1.341154	0.923931	-0.008697	-1.780737	0.436919	-0.534204	1.523895	-0.238546	2.223328
1.489698	0.627707	0.488194	0.739363	1.127492	-0.865468	0.466914	0.276068	-2.258354	-0.651554	-0.382585	0.327512	0.350063	-0.289963	0.401844	0.401336	-1.749879	-0.069214	-0.522250	-0.014160	0.213042	-0.002227	0.052979	-1.120255	-0.213267	0.809972	-1.605802	0.652699	0.213996	-0.084292	-0.386235	0.039740	0.365617	0.552978	0.147189	0.051220	-1.532190	-0.586126	0.289381	1.472513	2.287829	-0.580798	-0.321280	0.506635	-2.347239	1.130073	0.242552	0.545810	-0.484015	-0.492178
1.409034	1.093266	-0.177375	1.711888	0.350179	-0.176534	-0.209713	-0.261164	2.229446	1.192102	0.648679	0.664734	-1.835859	1.261551	1.470201	0.942133	0.910483	-0.507323	0.176578	-1.155529	0.879677	0.093109	-1.288386	-1.532693	-0.325348	0.173247	0.661536	-0.734271	0.942377	-1.991997	0.525586	-0.450599	3.526678	-0.423429	2.295666	-0.774466	-1.336852	0.744900	0.395316	-2.275102	0.166728	0.875136	0.661125	1.203252	-1.713595	0.153771	-0.100648	2.009927	-0.327345	-0.046003
1.417192	1.109273	-0.196053	-0.194124	-0.299066	0.791416	0.625190	0.443422	0.337564	-1.611830	0.825727	0.085189	1.035976	0.475425	-0.326814	0.300486	0.867083	0.235810	0.970738	-0.009525	2.038876	-0.378157	-0.371221	-1.097868	1.944398	-0.505543	2.138502	0.540633	0.093725	0.841246	1.523269	0.109248	-0.112437	0.361587	2.752558	0.786782	-1.473846	-0.828155	-0.870563	-1.633291	-2.156491	1.395450	1.915294	0.522018	-0.237127	-0.758627	-1.625048	1.416671	0.475518	-0.465747
0.671497	-0.863653	1.419310	-2.138355	0.022890	-1.332004	0.183227	0.391894	1.000061	-0.024462	-1.014944	0.880953	2.424461	1.174117	0.812323	-0.373071	-0.079893	0.245805	-0.413972	-0.689811	0.923932	-1.482676	-0.757792	-1.415773	-0.571773	-1.193306	0.541139	0.975841	-1.122312	-0.414659	1.798494	-0.250553	-1.556594	-0.351889	0.138318	1.408907	-0.041663	0.574521	-0.497688	0.415469	1.689399	0.320985	0.156760	0.397046	-0.619626	-0.180163	-1.514423	0.011481	-0.130005	0.075947
-1.207487	0.077359	0.291584	-0.839589	-0.261995	-2.329867	-1.029768	-1.250679	-1.664164	-1.948847	-0.471070	0.323213	0.959401	0.126947	0.545540	0.815489	0.898476	0.070045	-0.438271	-0.666699	0.266917	-0.043819	-0.563969	0.059571	-0.250032	0.646971	-1.540877	-0.156870	0.306158	1.912181	-0.116884	-0.189902	1.915102	0.269541	-1.907066	-0.534099	-0.615507	0.281841	-0.106672	-0.654769	1.282281	1.623382	-0.300536	-0.482811	-0.720160	-0.207790	1.026189	-0.939049	-0.594353	-0.918770
0.717239	-1.214117	0.197811	1.354594	-1.750212	-1.449097	0.949222	-0.947961	-0.590035	1.020498	0.137025	-0.784146	-0.315772	-0.656816	-1.051632	0.798887	0.183703	-0.608581	2.003391	0.864149	0.641662	0.960825	0.555139	-0.411251	-1.569315	-0.353623	-0.203143	0.277799	-1.172335	-0.390899	-0.320196	-1.032914	0.609846	-2.564449	-0.364993	1.927758	1.314155	1.139306	-0.687829	-0.296348	-0.582631	1.062433	-0.500035	-0.231497	0.040657	0.896745	-0.758127	-1.738908	-0.443767	-1.919467
1.630235	-1.113501	1.587699	-1.072155	-0.285651	0.333511	0.307062	-0.741106	-0.278064	0.861716	-0.291863	-1.805373	0.428623	-1.481399	0.397467	0.120205	0.290790	-1.222593	0.950993	0.113419	0.425485	1.738245	-0.556778	-0.368011	-0.477383	0.046435	-0.499965	0.639517	-0.960967	0.409182	0.817516	-0.323292	-0.647912	0.465864	-0.848110	-0.176248	-1.455067	-0.425868	0.331881	-1.496919	0.222614	0.214105	0.716471	0.613385	-0.658981	0.412308	2.078345	0.016971	-1.322530	-0.036443
0.488894	-0.006849	-0.804466	0.960954	-0.831367	0.391354	0.135175	-0.507818	0.422716	0.001162	0.301819	1.858593	-1.035985	0.155489	-0.751895	0.571248	0.112945	0.316500	-0.432004	0.398363	-1.314724	-0.430206	-0.895113	-1.360963	-1.337977	-0.792948	0.383024	-0.080978	-0.653735	-1.142428	0.490159	0.766527	2.617335	1.853561	-0.764753	-0.243750	-1.742349	0.636140	2.365225	-0.904834	0.779451	0.876803	1.337289	1.682851	-0.630515	0.547520	-2.221987	0.219159	-0.859521	-1.225126
1.034693	1.532630	0.696624	0.124050	-0.979206	0.451679	0.515246	-0.320576	-1.670201	-0.070837	0.399931	-0.604530	1.877865	0.818551	1.516267	0.412796	0.439952	-1.342869	0.648941	0.883970	-0.416411	-1.627323	-0.409328	0.779567	0.030299	-1.550514	0.412035	0.540870	-1.229394	-0.624864	0.765251	1.744673	0.550950	1.039289	-1.127695	-0.897601	0.205305	0.793178	-0.482231	-0.404182	0.384707	0.194407	2.125680	0.568394	0.609625	0.147835	0.448764	1.045821	-1.413001	-1.902434
0.726885	-0.769666	0.835088	1.436697	-1.156402	-0.130285	0.261406	0.012469	0.471634	-2.486284	-0.929962	0.103360	0.940704	-0.292588	-0.032567	-0.986962	0.101662	-1.032184	-0.360076	0.180258	1.224688	0.166347	-0.160887	0.439411	0.853087	0.171586	0.405493	-1.262565	-0.270965	-1.168723	0.778279	-1.160520	0.294204	0.910897	0.078189	-0.792337	1.192930	-0.898377	0.647448	-0.725798	0.696367	-0.414892	0.054046	-1.206029	0.782335	-0.362267	0.000626	-0.950983	-0.515986	2.374249
-0.303441	0.371379	-0.243715	-1.960900	-0.533557	0.183689	-0.941486	-3.029177	-1.212847	0.581172	-0.176830	0.563167	0.787346	-0.540786	1.636000	0.759568	2.787335	1.331216	0.705885	0.550855	-0.043584	0.376266	0.409334	-0.089622	0.404253	-0.062139	-0.363781	1.110424	-0.899950	0.392575	-1.480305	2.377412	-0.777844	-0.239731	2.106630	-0.952975	-0.802823	0.156245	-1.034425	-0.866485	-0.112716	0.358459	0.163036	0.433060	2.436584	0.061141	-0.756239	0.794797	-1.085098	-0.233346
0.293871	-0.225584	0.215670	-0.197698	-2.002636	-0.476153	-0.162338	-0.457015	0.066190	-2.192435	-2.132095	0.113597	-0.875874	-0.308642	-0.425058	-0.657201	-1.166665	-0.418903	1.415849	0.682964	0.582423	-0.226950	-0.952636	1.021180	-0.700620	1.199028	-0.599272	-0.989563	-0.285686	1.301840	0.540364	1.526078	-1.064930	0.180998	-0.715847	0.353905	-1.265636	1.597254	1.339555	-0.421847	-0.038824	0.036223	-0.632707	-0.092121	0.302407	0.216706	0.404325	0.071430	-0.707159	0.403881
-0.787283	1.117356	-1.165844	-1.207845	0.964229	0.862022	-0.146055	1.242448	0.652356	-2.319280	1.145362	-0.904726	0.319949	-1.096593	0.589433	-0.603918	-1.854299	-0.140322	-1.604516	1.170609	-1.006500	-1.148912	0.317317	-0.873979	-1.630543	0.801704	-0.589589	-1.828836	-0.462422	-0.593642	-0.091539	0.168508	-1.768414	0.244250	-0.280516	1.597026	-0.149331	0.112440	-0.969140	-0.942666	0.088089	-0.364631	1.611991	-0.244055	0.058320	-1.398122	-0.793853	-0.773687	-0.301655	1.192469

50	50
-1.684759	0.427361	-2.174621	0.797263	-0.793826	0.282529	-0.452208	-0.580010	1.452742	-0.944279	0.296171	2.373287	-0.520933	-1.853532	0.052993	-1.071905	-1.616317	-0.261976	0.983991	-1.778684	-0.911819	0.437518	1.175395	0.275259	0.183432	-0.028091	-0.398127	0.984227	-0.819308	-0.365273	0.870598	1.206420	-0.730162	1.255891	0.641087	1.437044	-0.587711	0.332942	-0.763698	-1.198550	-0.755970	0.892040	0.350099	-0.573745	-1.674024	-1.308042	-0.888311	0.212779	-0.524195	-1.400581
0.413149	0.181032	0.144615	-0.442501	0.540960	-1.125079	0.783366	-0.561367	1.379846	-0.671211	1.200783	-0.473921	-1.279027	-1.096821	-0.177890	-1.074092	-0.491818	-1.730684	0.101227	-0.922641	0.049435	-0.837676	0.397740	0.353289	-0.259732	0.140359	0.256436	0.993107	0.967954	-0.463411	0.330761	0.197342	-0.916327	0.155842	0.946703	-2.251078	0.259036	-0.073484	0.549524	0.618773	0.121199	-0.129722	-0.291307	0.105392	-0.687630	0.646383	2.140830	-2.202763	1.911298	0.480099
0.501745	0.657480	0.669033	-0.629091	-0.559061	-0.988974	1.237237	-1.555896	0.095136	0.576681	1.090173	0.946341	-0.056227	0.218628	1.772483	0.869553	-0.969302	1.013464	-0.362706	-1.997927	1.078046	-1.307503	1.951249	-1.200376	-1.354789	0.237586	0.220025	0.668209	0.030349	0.194990	-1.347897	-0.706876	1.787553	0.054933	-0.354255	0.356489	-0.871834	1.047757	-0.374638	-0.832413	-1.495841	-1.013485	0.186078	-0.605096	-1.027185	-1.389204	-0.692178	1.251073	-0.071106	0.207551
0.083064	0.584246	-0.848829	1.533796	1.976566	-1.515859	1.077198	1.100208	-0.427127	-2.085770	-0.358703	0.818162	-0.209680	0.794246	-2.508804	0.981051	-0.474108	-0.927736	-0.738828	-0.357100	0.308179	0.794143	-0.904656	0.166129	-1.157442	-0.671549	-1.711441	-0.064998	1.351097	-0.066947	1.547872	1.216367	-0.820404	1.398552	-0.578817	-0.850242	-0.787917	2.058863	-1.659159	-0.970495	-1.646159	0.252287	0.576599	0.421795	-0.492558	-1.340683	0.099297	2.024705	0.561835	0.322085
0.157798	-1.616451	-0.057090	2.733540	0.544660	-2.228510	-0.034841	0.175058	0.510808	0.235964	-0.129928	1.588971	0.192102	0.463124	-0.456589	-1.758825	-0.666164	1.243680	-1.479842	-0.336401	0.299639	-0.197264	-0.682152	0.776162	-0.761986	-1.045000	-1.205755	-0.620099	-1.086374	-0.521530	-0.616637	0.367170	-0.196711	-1.775648	0.056473	-0.299551	-0.344340	0.026693	-0.310229	-0.453511	0.192897	0.523585	0.339657	-0.362809	0.346808	1.128872	1.434978	-0.038897	0.574072	-0.005880
-0.527943	0.018774	0.291786	0.167439	-0.137906	-0.151522	-0.503987	1.003611	-0.656274	-0.778421	0.733738	0.526012	0.992332	-0.612630	2.430378	-0.148096	0.478375	-0.589489	0.153372	0.250426	-0.197218	0.649153	2.018292	-1.381435	-0.250300	0.965767	-1.772914	0.224104	0.240265	0.127100	-0.698571	-1.267516	-0.890144	0.329654	-0.893323	-0.634249	0.647617	-0.240524	-0.619943	-1.302708	-1.289770	-1.461630	-0.672827	-0.874115	0.829352	0.001696	1.233401	0.998584	0.371734	0.281389
0.723061	-0.425961	-0.614619	-0.478865	0.619876	1.162744	-1.224019	1.511008	-0.125017	1.099562	0.120332	-2.465198	0.576244	2.244400	-0.471454	0.251942	-1.041058	1.491482	-0.317017	0.286162	-0.146422	-0.831474	0.454343	1.128279	-1.648763	-0.219757	-0.072492	-0.466136	-1.046181	2.113018	-1.423595	0.621050	0.910749	-1.057903	1.122078	1.624477	2.054127	1.038475	-1.024591	0.015975	-0.399849	1.866406	-0.537014	0.931594	0.155633	0.379684	-0.757645	-0.757334	0.191694	-0.251339
-0.849942	-2.034027	-0.013643	-1.412654	-0.005583	-0.181936	0.118509	-1.137239	-0.530467	-0.855564	1.136331	-0.852528	1.305784	0.072348	-0.560328	-0.610385	-0.820659	-0.805978	0.318918	-0.686169	-0.103071	0.895954	-0.042104	2.465440	-0.181991	1.414536	-1.721115	-0.332087	0.618718	0.541281	-0.109632	-1.795455	-0.012265	-0.643369	0.775829	1.241070	0.798942	-0.507225	0.504999	1.110659	0.775403	-2.149052	-1.040158	0.600042	0.083714	-0.901332	0.738578	0.596145	1.244085	-1.693459
-0.796384	-1.328553	0.412113	0.974988	1.107199	-0.233954	0.959474	0.643018	0.105586	0.007558	-0.686773	0.511735	-0.729306	0.865514	-1.226467	0.760980	0.101130	-1.112599	-1.456547	-0.813314	-2.798982	-1.813486	0.458167	-1.557917	0.615687	-0.924187	0.701881	0.924815	1.305034	-0.655085	-0.102712	-1.057839	0.072814	0.258441	0.962496	0.555281	-1.071077	-1.483080	0.040473	-0.249374	0.922150	-1.635237	0.997284	0.571361	0.374617	-0.196794	-1.114361	2.123217	-1.164160	-0.584016
0.725338	-0.319886	-0.937150	0.289719	-0.185590	-1.046734	-0.340930	-0.012760	1.128350	-0.937586	0.471683	0.257775	-0.864575	-0.415696	0.792950	0.254430	1.083983	0.956940	1.321835	0.793403	0.393275	1.566683	-0.264144	-2.066648	-0.376674	-0.594141	-1.005468	1.447026	1.023491	-0.869529	-0.322717	0.151544	0.939416	0.891694	1.260784	0.703418	-0.205155	-0.106488	-0.254730	0.495702	1.544536	1.224019	-0.026054	0.685110	2.653202	0.306942	-1.705869	1.311725	1.635270	0.234443
1.686544	0.825430	0.835157	1.165408	-1.121418	1.583319	-0.173318	0.914260	0.742478	-0.681560	0.288342	1.962447	-0.094921	-1.114938	-2.109940	-0.152834	-1.854527	-1.363052	0.487204	-0.381945	0.990247	0.846501	-0.291985	-0.072599	-0.698035	1.421275	-1.106427	0.595832	-2.115382	-0.238898	-0.839587	0.411264	0.675237	-0.836622	-0.107919	0.458163	-0.554443	0.245264	-0.547736	0.162037	-1.009562	0.325174	-0.656999	1.009421	0.332714	0.167457	0.661162	-0.699942	0.686330	0.258786
-0.386394	-0.229293	1.094538	-0.908706	0.246450	-0.249413	0.616301	1.107695	1.143603	-0.260139	1.391855	1.406315	1.383214	0.685252	-0.799395	-0.557411	1.799753	0.680585	-1.566626	-1.371204	-1.297633	0.110155	-0.386798	0.759111	0.304122	1.407608	1.790560	2.053271	0.681729	-1.575987	-1.660551	0.070498	0.785969	0.553148	-0.577158	0.683984	-0.292943	0.145793	1.676594	1.211821	0.856706	-0.428913	0.677746	0.990871	0.140771	1.788079	-1.729642	-1.019613	-1.149487	0.603656
-0.505078	0.262251	0.321181	0.240575	1.561037	1.294019	0.863919	0.820471	-0.914714	-0.228795	-1.345502	0.496834	1.303681	1.037673	0.566975	0.677018	-0.878374	0.437824	1.057060	0.010307	-1.521968	-1.161102	-0.553993	-0.081664	1.101080	-1.029001	2.162384	-1.529250	0.008709	1.825751	3.012487	-1.933027	-2.132741	1.458409	0.525633	0.251290	1.180232	-1.118085	1.173003	-0.158316	0.325287	0.011596	-0.510834	0.033691	1.577835	-0.624082	-2.138074	0.053115	1.110157	2.220965
0.408074	-0.897980	0.015113	-0.654046	-1.196622	0.361980	-1.416914	-0.817612	0.179802	-0.524813	0.000747	0.082831	-0.125812	1.822212	-0.001443	0.849297	0.647733	-0.143268	-0.587578	0.204132	0.621011	-0.397536	-0.943728	-0.158473	-0.446608	0.206512	-0.819278	0.022688	0.334273	0.204267	1.500840	0.818722	0.219930	-0.855082	1.151960	-0.178504	0.377395	-0.596941	-0.189061	0.292971	1.252439	0.731318	0.446005	-0.450270	0.089548	-0.149961	-0.060048	-0.237019	1.182564	-1.654131
1.072356	-2.157303	-1.164493	1.274955	-0.242345	-0.263053	0.199952	-0.126485	-0.983348	1.128319	0.053495	-1.548478	-0.596874	-0.528988	0.623925	0.469307	1.049565	-0.341533	0.302222	-0.411026	-1.507523	0.254294	-0.059848	0.006498	-0.466712	1.341111	-0.037050	0.095285	-0.547413	-1.163396	-0.358992	1.261757	0.966286	-0.992123	0.858379	0.507726	0.991574	-0.679488	0.086573	2.467714	0.220159	-0.868023	1.516635	-0.110656	-0.672984	0.832215	1.385691	-0.062736	1.707328	0.680410
0.967983	0.093917	0.494841	-0.551191	1.004828	1.082144	0.195827	0.264143	0.384829	0.550139	-2.341905	1.863160	-1.520646	-1.627967	0.126441	-0.239782	1.323093	2.057811	0.219462	0.663561	-1.679402	1.207789	-0.574685	-1.064608	-1.435821	1.332717	1.963004	1.614526	-1.650984	0.120610	-0.114879	1.167343	0.349994	-0.011699	0.945576	-0.309899	0.603452	0.955054	1.512560	1.146234	0.815197	0.928160	0.937756	1.237859	0.931893	0.948091	1.217816	1.271109	-0.420315	0.135829
0.270146	-0.951181	-1.215849	-0.087409	-1.920126	0.982434	-0.151132	3.158528	0.325698	1.855147	1.248095	0.134027	0.671842	1.617302	0.680868	0.920985	-0.517359	-0.374535	-0.878201	0.225782	0.788976	-1.033542	1.441855	-1.643915	-0.977716	-1.284895	-0.540266	0.501273	0.892793	-1.443518	0.358901	-0.570330	0.901815	0.626911	1.506130	-0.394370	-0.792886	-0.130801	1.793271	-0.933843	1.139422	0.697317	-0.160163	-1.197860	-0.357890	-1.973738	-1.495051	0.221138	1.639378	-0.037987
-0.634407	1.172590	1.590788	-0.347820	0.625446	-0.111444	0.892784	1.226617	1.296310	-0.277299	2.809232	-1.546003	0.022844	0.264137	-1.287416	-0.906881	0.024315	-0.190203	-2.861400	-0.212843	-0.654282	1.295147	0.235527	1.581550	0.605895	1.618376	1.717504	-0.323840	-0.507056	0.582346	-0.012137	-0.393898	2.121188	0.001499	0.295338	-0.269739	0.930818	0.649404	1.102621	1.119792	-0.411711	-0.045150	-0.113838	-0.564394	0.202102	-0.391879	0.037283	1.664023	0.263469	-0.693137
0.629763	1.735096	0.526475	0.993963	0.752960	1.295951	-0.364190	2.320635	1.099229	1.066631	-0.232185	0.433282	-1.177789	-1.127146	0.218085	0.144441	-0.162367	-0.938732	0.535555	-0.044035	1.244903	2.768123	1.021377	0.292614	-0.113655	0.661644	0.819808	0.554217	-0.329791	-0.181465	-0.570360	-1.017434	1.248587	-0.816327	1.204097	-0.088130	-1.350388	0.598515	-0.325847	-0.924227	-0.461065	0.191211	1.937126	1.043309	0.876250	-0.676711	0.802871	-0.042960	-1.463483	-0.127525
-0.079234	-0.371696	0.264819	0.428436	0.213484	1.781295	-0.826189	0.414498	0.653223	-2.099239	0.287032	0.102954	-0.334578	-0.559176	-1.566567	1.396409	-0.605661	-0.813462	-0.342037	0.458182	-1.292264	-0.495347	-0.139831	-1.187609	0.764562	0.227346	0.055521	0.642443	0.168354	0.042010	0.934035	0.250206	-1.123186	0.115148	-0.011846	0.008029	0.799789	-0.192501	-0.582815	0.009907	-1.329049	-0.628763	-0.170799	0.846002	0.807948	-0.016021	0.973854	-0.133235	-0.776171	0.680362
1.376949	1.192864	-0.393598	-1.004185	-0.770234	-0.065615	0.276011	0.211832	-0.505073	0.638484	-0.464604	-0.570346	-1.829455	-0.808845	0.783282	-0.189699	0.271710	-0.583619	-0.597859	-0.441417	-0.614352	0.468766	-0.081551	1.075937	0.669897	-0.225576	-0.353125	0.182625	2.536740	0.361842	-1.138317	0.252125	-0.830085	0.207069	0.789500	2.531796	0.599637	-1.980799	0.751587	0.289367	-0.087500	-0.856613	0.301169	-0.495536	-1.603334	0.515175	1.560734	0.793200	0.929488	0.426215
-1.408212	0.953648	-2.176310	-0.632688	-0.007135	-0.255681	0.459797	0.613167	-0.475994	0.371465	0.384318	0.493062	0.429990	1.161004	-0.310570	-0.843836	0.358643	1.709525	0.418913	-1.054947	0.241695	-0.657297	1.258247	-1.297372	0.375784	-0.965993	1.693149	-2.027476	2.293627	0.853715	1.957238	-0.771479	-0.121779	-0.444562	-1.403582	-1.223243	1.100429	0.362938	-0.863734	0.870003	0.355446	-0.388713	0.325989	-0.206818	-2.362052	0.444830	1.586250	0.426273	1.792958	-1.605669
0.141232	-1.415045	-1.195654	-1.045710	0.093187	0.404638	-0.217507	-0.527777	-2.051561	-0.374179	-0.379828	-0.707513	-0.173993	0.592105	0.655324	1.943438	-0.352315	-0.390420	-0.689681	-0.155584	0.549349	-1.716957	1.468534	-0.121770	0.766653	0.095018	0.711050	1.023081	-1.318661	-0.809772	-1.763229	0.919545	-0.642591	-1.120490	1.542106	-1.071751	-1.419742	0.703950	-1.070876	-0.397262	-0.743139	1.028508	0.924837	-0.155796	-0.701700	1.140898	0.856298	-0.209902	-1.183152	0.906211
1.289719	-0.033356	0.365328	0.505707	0.935251	0.351757	0.796123	1.241601	-0.448305	0.695348	-0.101778	-1.348025	1.631242	0.242748	-0.537467	-0.246922	0.132360	-0.690065	0.671191	0.129148	0.467634	1.470519	0.032941	0.740772	1.523472	-0.256733	-0.632764	-3.491542	-0.474135	-1.467051	-0.323334	0.852158	-0.078950	0.435358	-1.774907	0.246059	-0.203636	-0.752597	-0.355237	0.537858	0.072031	-0.239720	0.215291	-0.275398	1.651903	0.447681	-1.424483	-1.588159	-0.111176	0.249514
-0.494936	0.261118	2.412443	0.331954	0.663518	0.807511	-1.518023	-0.157631	-1.551197	0.877629	1.618151	-1.754302	-1.359428	0.240477	0.328643	0.441619	2.673582	-0.448221	0.150897	0.509428	0.191457	0.694137	1.692478	-0.840718	0.576824	2.310131	0.392726	0.109490	0.987382	-0.103896	0.872592	0.657126	1.228113	0.017089	0.205657	-0.050611	0.017913	-0.016917	0.955880	1.769737	-0.356403	-0.451623	0.366249	-2.443249	0.235073	0.315440	0.039702	-1.116381	-0.656766	1.894228
-0.624825	0.522995	0.740247	-1.635413	-0.350233	-0.255590	-1.074917	-1.373602	0.929826	1.033606	-0.847230	-0.363809	0.970507	-0.821500	1.054072	-0.803611	-0.007566	0.714376	-0.991319	-0.030124	-0.229805	-0.510697	0.475729	-0.349471	0.425973	0.190060	-0.877962	-1.551331	-2.073026	-0.822913	0.117915	-0.753464	-0.531366	-0.362986	-0.346210	-0.730151	0.100351	-0.441664	0.159282	-1.905485	-0.431692	-0.979267	0.322151	-0.427323	-0.151753	0.945592	-1.379912	0.616855	1.879734	-1.112379
-0.933634	0.676787	0.309746	-1.906840	1.619877	0.715113	-3.072166	0.870838	0.901940	0.419791	-0.575883	-0.627094	0.143640	0.993112	-1.979699	0.287609	0.710303	-1.315731	0.836830	-0.457365	-0.579217	0.113387	0.368530	0.029632	-0.042931	-0.173404	0.148945	-0.355111	1.244026	0.424981	-1.503055	-1.338502	-0.286105	-0.631237	-1.158983	0.326987	0.876357	1.701335	0.244942	-1.076748	0.779328	-1.133447	2.689003	0.309060	-0.155889	0.428663	1.233071	0.543464	-0.896081	-0.722042
-0.278725	0.674396	-0.541987	-0.040399	-0.050833	1.048597	0.521407	-1.568533	0.138287	0.601069	-0.075913	0.440150	0.082604	0.346395	-1.867388	0.467018	-0.462539	0.627122	0.474509	0.596336	0.480481	-0.229807	2.192001	1.952373	-1.242263	-0.014029	1.531878	1.398557	-0.315240	-1.854684	0.921835	0.652225	-0.227606	-0.500325	0.335826	0.752991	0.700694	-0.030569	1.124750	1.194941	0.816325	0.022121	0.876069	2.451575	1.038165	-1.324607	1.742076	-1.467896	1.331506	-1.752187
-0.200525	0.678399	0.122283	0.697193	-0.812697	0.177549	-0.991024	-1.844253	-0.378408	-0.674018	-0.132472	-1.502641	0.716664	-0.261134	-1.832356	0.004562	-0.527878	-1.331295	1.252166	-0.113528	-0.386833	-1.461733	1.535685	0.459024	-0.504952	-0.612738	0.531848	-0.513475	1.399294	0.858575	0.163245	1.447217	0.674523	-0.867193	0.332243	-1.153722	0.652016	0.203918	0.234628	-0.293948	1.148304	1.040239	-0.876490	-1.462628	0.330484	0.109822	-2.001495	0.119908	-0.624573	0.003612
0.136741	-0.312580	0.962279	0.168803	-0.438420	0.153298	-0.253126	0.288410	0.143064	-1.095178	1.439310	-0.208235	1.193484	-0.184713	0.848592	0.326090	-0.345787	-0.130848	-0.892623	0.807024	0.421616	-2.882336	0.907260	-0.399312	0.325851	2.071800	-0.759667	1.917180	-0.879881	0.306394	-0.814671	-1.290126	1.036840	-1.040093	1.411209	-0.407867	0.178530	-1.047810	-1.138562	-0.038178	-1.084960	1.231484	-1.217447	-0.635542	0.475807	-1.654722	0.835497	0.529355	0.776679	0.995144
-0.883349	0.379244	-0.253975	-1.543796	0.858610	-1.254324	1.009265	-0.950911	1.605039	-0.267617	2.031263	-1.505125	-1.071062	-0.101735	0.405187	1.204587	0.564558	-1.826896	-0.895274	-0.089803	1.087706	-0.047468	0.402260	-0.225385	-1.111423	0.637024	0.347984	0.778411	-0.922472	-1.111562	0.403710	-2.208189	-0.149463	1.265431	0.136863	-1.287906	1.676010	-0.735370	0.842094	0.923935	-0.136122	0.560179	-1.614840	-0.385473	-2.090502	1.110672	-0.342818	-1.175244	-1.324254	-0.478969
0.082538	-2.252898	1.891756	-1.551802	0.195216	-1.172801	0.051012	-0.910732	1.349116	0.186550	-0.978202	1.809741	1.318902	-0.887043	-0.702456	-1.404116	-0.801539	0.535922	0.313326	-0.006292	-2.249332	-0.462466	-0.538382	-0.280283	0.468184	0.074894	-0.697803	-0.246455	2.314403	-0.317241	0.756157	1.436108	-0.317081	-0.241458	0.577628	0.083578	-0.325097	-1.356563	0.476342	2.223061	0.655092	-0.309039	1.840080	-0.942278	-0.174035	-2.107862	-0.477962	-0.998215	1.500277	-0.519101
-0.603875	-1.168351	-1.220254	0.867078	0.888862	-1.461442	-0.440433	-0.161949	-0.448442	0.950945	-0.641024	-0.116973	-1.210003	0.741377	1.499046	0.205564	-1.852947	0.692865	0.667033	-0.091861	1.804480	-0.576646	-0.115215	1.306725	0.322613	1.123267	2.019315	-0.903532	0.588013	0.837863	2.184440	-0.061672	0.933595	-1.729031	0.243088	0.163799	0.101148	0.728586	-0.088390	-1.301895	-1.293461	-0.367604	-0.818926	-0.673773	0.019188	-0.549837	-0.889101	1.194042	-2.202903	-0.294660
-0.368728	1.201966	-0.376237	-0.145373	0.069222	-1.244288	-0.848469	-0.488902	0.168411	-0.790519	0.520476	1.226209	-1.074115	1.392208	0.137795	-1.991196	0.053216	-0.687550	0.828117	-0.921238	-0.632060	-0.845968	1.822000	-0.284375	0.100021	-0.033128	-1.793700	-0.495902	-0.309768	2.426465	-0.093783	1.177806	0.723284	-0.488241	1.467671	0.682575	-0.576692	0.607187	-0.413036	-0.908991	1.926740	0.365633	0.992136	-1.924244	-0.860027	0.094261	1.263429	-1.753697	0.322515	-0.160550
-0.838170	-0.660739	0.052429	-0.386242	2.486821	-0.155099	-0.240371	-0.222782	-1.120497	-0.489478	-0.380700	0.494943	-0.672560	2.473900	-1.586821	0.028409	-0.436415	0.317576	0.006509	-0.926952	1.316458	-1.817236	-2.021507	-0.791710	0.301435	-0.097748	-0.659508	0.374495	-1.032964	-0.351089	-0.294206	0.985513	0.488185	1.060384	1.130554	-1.086368	-0.061528	-0.828285	-0.544583	-0.077500	0.233252	0.937439	0.533818	-0.112418	-0.022949	-0.038220	0.383201	0.446529	0.421004	1.023516
-0.282475	0.327559	-1.953934	1.316204	-1.665643	-1.614914	0.602929	0.272066	0.400731	2.974474	1.992852	0.908595	0.736462	0.503919	-1.019146	1.930515	0.280007	0.162842	-0.235892	-0.961221	1.551592	-0.521731	-0.636977	0.240619	0.023824	-0.556620	0.771453	-2.370532	1.103351	1.381962	-0.504806	-1.218578	3.266199	-0.538154	0.010653	0.297492	0.725588	2.887644	-0.024007	0.000510	-0.545022	0.974244	-1.526727	-0.518509	-0.602317	1.882927	-0.118867	0.978060	-0.820701	0.015895
3.569868	1.508127	0.565421	-0.796464	-0.415928	2.246065	-1.516254	-1.168531	0.739063	-0.622585	1.635870	-1.154219	-1.069961	-0.822481	-1.385234	0.941137	0.084606	1.159116	0.652821	1.784830	-1.468908	0.161436	-0.188803	-0.094646	-0.022055	-0.615499	-0.820341	0.615062	0.342109	-0.860655	-1.926999	-0.431878	0.031701	1.777338	0.124334	-0.143308	-1.227342	0.919135	-0.800514	0.106855	1.032812	-2.118924	2.022859	0.534983	0.869902	0.055461	0.417247	-1.791257	-0.966459	-0.482657
3.407532	-0.888909	0.077794	0.135441	-0.084225	0.739281	-0.068349	-1.224234	0.900045	1.920303	0.559019	1.257556	0.334715	0.200982	0.954886	-0.006924	0.729119	0.128388	1.964533	-0.200189	0.176938	-1.061811	0.148275	0.793235	-0.008758	1.604553	0.017888	0.279465	-2.263993	0.206890	0.521381	-0.834941	0.341275	-0.779519	1.779431	1.391954	0.190931	0.405789	-0.512190	-0.312465	0.377137	-0.046465	0.552296	0.057408	-0.570812	-0.613890	1.013222	-0.130189	0.609348	0.634675
1.146918	-0.959285	0.080701	0.417806	0.089252	-2.067645	0.782393	-2.099479	-1.531218	0.961149	0.563638	1.452532	0.411883	-1.007053	-0.601120	-0.338242	0.900753	1.039458	0.884584	0.940412	3.466260	0.450494	-1.783880	0.959440	0.929455	0.768495	0.654535	0.818865	-0.903286	-0.207497	-2.054411	0.179680	-0.083531	-0.752972	-0.239472	0.306747	-0.734818	1.916184	-1.486675	1.219647	0.109255	-0.966781	1.820142	1.065817	1.304680	0.587017	-0.869517	-1.175237	-1.036211	-1.364438
0.787258	-0.492719	0.794708	0.819880	1.456147	-1.154551	-1.420726	-0.390243	0.504621	-0.557803	-0.338397	-2.076811	0.154120	-0.613172	-1.171891	0.528266	-1.325638	-0.116771	0.084537	0.349156	-0.214627	-0.272798	0.529068	1.087103	-0.090432	0.086933	1.257699	2.047507	2.970029	0.340257	-0.269838	1.166302	0.616421	-1.033133	0.857992	-0.537184	0.788385	-2.455688	-0.518642	-0.909561	-0.680188	-0.471249	0.342644	1.620737	-0.042644	-1.206709	-0.794680	0.089962	-0.028238	0.598625
-1.278137	0.441057	1.043689	-0.854353	0.219454	-0.107192	0.669365	0.664282	-0.864215	-0.106555	0.763647	-0.176488	0.554571	-0.658963	-0.577110	1.056900	-1.524579	-0.648297	-0.574514	1.859280	0.486283	-0.101454	0.729732	0.647169	-2.641146	1.704359	-0.927080	-0.323744	-0.011766	-0.498112	-0.275032	0.055986	-0.524999	1.163839	-0.878355	-0.228932	-1.965382	-0.091063	-0.693229	0.203977	-1.765392	1.735227	0.179561	0.121854	0.895531	0.545331	0.688502	-0.422166	-2.819767	-0.206498
-0.584593	-0.204764	0.802185	0.357319	-0.114877	-1.712879	0.683237	-0.702264	-0.376555	-0.215161	1.127442	-0.652082	-1.172846	-0.833229	-0.836431	0.014741	0.502433	-0.037981	0.499751	0.927072	0.330885	-1.429106	-0.940135	0.632550	-0.486150	0.023634	-0.169878	-0.980542	-1.999539	-1.421395	0.845145	-2.100042	1.007707	-0.580106	-0.761946	-0.536220	-1.955524	-0.024680	0.577652	0.989747	-0.963568	-0.777530	-1.019318	-1.238041	2.284856	0.250930	1.585673	-1.650934	-2.081050	2.139366
-0.619406	-0.977807	-0.468824	2.748467	0.068602	-0.459895	-0.882136	0.501328	0.788010	0.473490	0.141571	0.156534	1.007587	0.378179	0.852970	1.614761	0.306391	-0.199325	-0.484104	-1.226964	1.267902	-0.764409	-0.259287	1.903276	0.195970	0.290043	-0.471672	1.179634	-0.888015	-0.270774	-2.771181	1.235297	1.829102	0.417302	0.862783	1.439021	1.624294	0.199936	1.454967	0.375200	-0.645633	-1.683797	0.037599	0.244126	0.066827	-0.392747	1.250179	0.617969	-0.044753	-0.648814
0.535301	-1.572947	-0.046592	-1.512977	0.751495	1.091000	-1.504509	0.540314	0.298206	1.365641	1.928134	-0.850226	0.113520	-1.115343	0.477331	-0.815855	-0.939160	0.881670	0.238446	-0.327239	1.090514	0.410138	-1.213545	-1.160026	0.959722	-1.419899	-0.114233	0.894583	-0.419902	0.439663	0.918075	0.002672	0.085288	-1.648125	0.648305	-0.511100	-0.149420	-1.038315	1.035485	-0.622126	0.452528	0.177027	0.137123	1.398258	1.494589	-0.622042	-0.115604	0.596160	1.117955	0.423592
0.482987	-0.370262	0.353453	0.433979	-0.689427	-0.163880	0.433139	0.990751	-0.163742	-1.637804	0.670638	0.279046	0.730051	0.667241	0.302320	-1.997759	1.237402	-0.056144	0.778248	0.891646	-0.946451	-0.789933	1.624550	-0.347309	1.380324	0.475274	0.369487	-0.142931	0.694578	-0.506144	-0.519254	-0.459537	-0.068325	-0.572675	1.058092	-1.606835	-1.968268	0.529367	1.046823	0.120555	0.614498	-0.124478	-1.521052	-0.095473	-1.072464	-1.190477	-1.331770	-0.618437	-1.649504	0.117865
0.108475	-0.221145	-1.256801	-0.229768	0.450814	-0.067240	0.808256	0.989378	0.606733	2.023729	-0.110111	0.597094	-0.983512	0.795333	0.415776	-0.748191	0.033012	-0.841239	0.924273	0.288186	-0.438499	0.161637	0.373512	-1.695065	-0.941464	-1.447319	-0.618615	-0.593471	-0.162753	-0.184348	-1.293012	-2.103177	-0.563465	0.659232	-0.633191	-0.201243	-1.686138	-2.217119	0.676211	-0.317396	-0.785301	-0.415555	-0.018918	0.387623	1.823345	-1.878467	-2.342806	0.527875	0.678667	-1.080778
-0.340285	-0.535213	-1.036031	-0.827086	-1.565025	-1.001592	0.578938	-0.688841	1.634499	0.777789	0.370962	0.244717	0.052032	1.037492	0.042975	-0.199304	0.123568	-0.154844	0.588138	2.265195	0.343221	1.977904	-0.250892	0.919386	0.760868	-0.988280	0.800115	0.248917	0.101577	0.401999	-0.008718	0.373922	-0.473574	-1.280402	1.017989	1.143503	-0.086922	0.107416	0.546595	-0.599684	0.828176	0.879458	0.163247	-0.966315	-1.208429	-0.424008	-0.926563	-1.344318	0.494323	0.875527
-0.925848	-0.261972	-0.426963	-0.831983	-0.078796	-0.555661	0.762849	-0.856838	-0.623494	-0.548902	1.096595	-0.118347	0.877599	-0.020431	-0.948853	-0.372760	0.273939	1.188595	1.377934	-0.047890	-0.058403	0.795266	-0.925456	0.021531	0.237920	0.949380	0.426696	-1.129782	-0.017858	0.539228	0.233353	0.245181	-1.703535	0.050124	0.171926	0.663291	0.307386	0.438909	0.749989	1.353154	0.667417	0.566128	-0.721151	1.509186	-0.065392	0.777242	1.129568	-1.234765	-0.588469	-2.226282
0.005322	-1.095415	0.077669	0.497900	-0.941792	-1.351556	-1.182127	0.048390	-1.350100	-0.126011	-0.398163	-1.289408	1.014141	0.618953	0.541608	-0.847371	0.754166	-0.414907	1.851205	-1.551864	2.534975	1.037367	0.098660	-0.299340	-0.208373	0.351224	-0.472331	0.066095	-0.960327	-0.733593	-0.424196	0.338579	-0.053720	0.548403	-0.047474	0.164084	0.337546	-0.040993	-0.729839	-0.197668	-0.125501	0.375917	0.410603	0.403831	-0.326836	-0.713926	-0.549128	-1.153440	-0.023925	-1.946111
1.139149	0.549233	1.790930	2.315626	-0.652862	0.364211	0.583848	-0.664853	-1.162241	0.299580	-0.085463	0.057564	-0.084348	1.803064	-0.821128	1.337238	1.524498	-0.658617	-1.897665	0.444083	0.438645	2.360330	1.684280	-1.721016	0.024739	-0.872282	0.275952	-0.637925	1.172806	-0.268372	-1.469449	-1.078065	-0.881344	1.778447	1.689145	1.785406	1.066992	0.364309	0.833202	-0.578002	-0.951229	-0.276954	-1.212631	-0.422141	-1.149151	1.584640	0.283732	-0.109328	2.191313	-1.309595
